2 1 3 39 7 12 5 8 9 10 11 49 13 14 96 76 17 18 28 20 97 22 41 24 65 26 19 27 29 83 31 32 33 98 35 46 6 88 4 34 23 42 63 44 50 36 47 64 99 45 51 77 53 54 55 56 57 58 37 60 61 62 40 72 66 25 67 68 69 70 71 48 73 30 75 16 52 78 79 80 81 82 74 21 85 59 87 38 89 90 91 92 93 94 95 15 84 43 86 100
1 2 3 10 5 68 7 32 62 4 12 11 13 43 15 27 17 18 19 20 80 22 23 24 67 26 34 37 41 30 59 8 45 16 35 36 28 38 39 40 29 75 14 44 33 54 47 48 49 98 6 53 52 21 55 56 57 25 69 58 61 9 63 64 65 66 60 51 31 101 71 72 73 74 42 97 77 99 79 46 96 82 50 84 85 86 87 88 89 90 91 92 93 94 95 81 76 83 78 100 70
1 2 3 19 5 15 7 25 49 50 4 30 79 14 6 16 40 18 20 11 21 22 23 24 8 26 27 41 29 12 31 32 33 34 35 56 37 38 39 75 28 9 90 74 45 95 47 89 86 10 51 80 53 85 55 78 57 58 59 60 61 48 36 64 17 63 67 68 69 70 71 100 73 44 65 76 96 66 13 52 81 46 83 42 54 84 87 88 62 43 91 92 93 94 82 77 97 98 99 72 101 102
41 4 25 2 5 96 19 79 3 99 101 98 34 14 15 82 17 18 7 55 37 22 23 24 53 103 95 28 70 30 31 32 33 13 35 49 21 48 39 40 26 42 43 64 45 8 47 38 36 50 51 52 9 20 54 56 57 58 90 77 61 92 63 44 12 66 67 68 69 29 71 72 89 74 75 76 60 78 46 80 81 16 83 84 85 86 87 88 73 59 91 62 93 94 27 6 97 65 10 100 11 102 1
10 2 39 67 27 6 50 59 91 94 11 47 8 14 88 16 78 18 19 20 90 44 52 24 25 26 5 28 12 30 89 32 93 96 65 36 37 38 66 40 9 29 43 22 68 42 46 48 64 7 85 23 53 54 55 56 57 58 13 60 61 62 63 81 35 3 4 82 69 70 71 72 73 75 74 76 31 17 79 80 49 45 83 84 51 86 87 15 77 21 41 92 33 1 95 34 97 98 99 100 101 102 103 104
1 62 10 7 33 58 22 64 9 59 47 12 13 14 15 16 17 6 29 20 3 4 37 82 25 32 27 28 19 30 97 26 85 34 35 36 76 38 39 40 41 72 43 44 45 46 11 48 99 50 51 52 53 88 55 61 57 18 90 60 56 2 63 8 78 66 67 68 69 23 74 42 73 21 102 70 77 65 93 80 81 24 83 84 89 86 49 54 5 71 91 92 79 94 95 96 31 98 87 100 101 75 103 104 105
47 2 3 4 54 55 38 8 102 27 11 13 35 14 85 16 42 18 19 97 21 22 23 53 25 26 1 28 29 30 33 43 20 91 15 36 37 106 39 57 41 17 51 44 45 46 10 31 88 50 32 52 24 5 60 40 56 58 59 90 61 68 63 64 65 66 67 62 69 70 71 96 73 12 75 76 77 78 79 80 81 82 93 84 74 86 87 49 89 6 34 92 83 94 95 48 72 98 99 100 101 9 103 104 105 7
70 2 3 59 5 1 71 8 9 10 11 12 62 14 15 16 77 18 19 13 21 22 23 93 25 56 89 28 29 30 49 32 99 34 35 67 51 38 65 106 85 94 43 44 45 98 6 92 31 50 37 24 97 54 55 26 57 58 4 60 72 20 63 90 27 66 36 103 52 47 7 61 73 74 75 40 17 78 79 80 81 82 83 84 41 86 46 88 39 64 91 48 105 107 95 96 53 87 33 100 101 102 68 104 69 76 42
1 60 3 57 5 35 91 81 9 10 11 44 13 28 12 16 42 18 14 20 77 22 23 56 25 26 27 19 88 30 31 32 29 47 6 50 37 38 39 40 73 17 66 2 41 46 34 21 49 80 15 52 53 84 55 24 4 58 106 102 43 62 63 64 100 61 67 69 65 70 71 72 45 74 75 76 48 78 79 36 8 82 83 54 85 86 95 105 89 90 7 92 93 94 87 96 97 98 99 68 101 51 103 104 33 59 107 108
1 2 3 4 5 109 7 8 9 30 6 12 95 14 90 20 42 50 19 10 21 22 23 48 25 26 27 28 29 68 31 32 51 34 102 70 37 107 39 40 18 69 71 47 100 46 44 52 54 41 33 24 53 49 89 56 57 58 106 60 61 62 67 64 65 80 63 16 17 93 43 72 73 84 75 76 77 78 79 82 81 66 83 74 85 86 36 88 55 15 91 92 87 94 13 101 97 45 99 98 96 35 103 104 105 59 38 108 11
1 2 3 5 4 6 7 48 72 15 11 17 13 100 61 16 12 18 74 50 21 22 51 88 25 26 92 80 82 23 83 63 33 34 78 36 37 38 39 45 41 42 20 44 30 29 86 8 98 43 40 52 53 54 55 56 103 58 64 60 10 62 32 59 65 66 67 68 69 70 71 9 73 47 75 84 77 35 79 28 81 46 31 27 85 97 89 24 87 90 91 76 93 104 95 96 19 49 99 14 101 102 57 94 105 106 107 108 109 110
65 2 3 4 105 6 7 8 59 110 11 70 94 14 15 88 17 53 83 62 21 98 23 24 25 26 27 54 19 10 31 32 33 51 52 42 41 90 87 40 75 36 43 76 20 46 73 48 49 50 100 60 101 28 55 56 99 58 9 35 61 81 63 57 1 66 67 68 69 45 71 72 16 74 37 44 77 78 79 80 12 89 29 84 85 86 39 47 82 38 91 92 93 13 95 96 97 22 64 34 18 102 103 104 5 106 107 108 109 30 111
27 2 51 4 5 6 7 8 9 112 11 1 13 67 34 16 17 18 83 85 21 58 23 24 31 26 12 28 22 30 25 68 33 15 35 36 10 107 39 40 41 42 43 78 45 46 47 49 48 50 3 59 53 54 55 56 57 101 52 60 61 62 38 110 65 66 14 32 80 70 91 20 73 109 77 104 75 69 79 44 111 82 19 84 92 89 87 88 86 99 71 72 102 94 74 96 97 98 90 100 29 93 103 76 105 106 63 108 95 64 81 37
1 2 22 4 62 6 7 8 58 10 11 12 13 14 15 16 17 18 19 20 21 97 23 24 25 94 27 74 29 113 53 32 75 103 57 67 37 44 39 40 41 42 43 38 45 46 47 48 49 50 107 52 31 54 5 76 35 69 59 60 61 65 83 78 55 66 36 68 9 93 71 26 73 28 106 56 77 108 79 80 104 82 87 84 98 86 51 81 90 89 91 92 70 72 95 96 101 85 99 100 3 63 34 88 102 33 105 64 109 110 111 112 30
1 69 3 4 5 24 75 89 9 107 44 12 40 105 65 16 17 18 19 20 99 22 82 8 53 100 94 28 29 30 74 32 33 7 35 101 37 38 39 13 41 42 43 95 45 46 47 6 79 50 51 14 25 103 55 114 57 58 59 60 61 62 63 64 67 11 15 68 2 70 98 72 104 23 34 76 77 78 90 80 71 87 83 84 85 86 31 54 48 93 91 92 49 27 66 96 97 81 21 26 36 102 88 73 52 106 10 108 109 110 111 112 113 56
1 2 3 4 23 6 7 8 53 14 11 12 13 89 15 73 79 38 19 20 21 22 5 24 25 82 60 33 29 54 98 32 28 34 35 51 37 41 39 40 18 42 59 44 110 46 47 72 101 50 36 52 114 86 115 56 57 58 43 27 61 62 63 64 78 83 112 68 69 70 71 48 93 74 75 76 77 9 102 100 81 26 66 84 85 30 87 67 10 105 65 92 16 94 95 108 104 31 99 80 49 17 103 97 90 106 45 96 109 107 111 88 113 91 55
1 2 114 83 5 6 21 8 9 10 11 12 13 14 15 16 23 18 19 20 7 22 71 24 25 26 27 98 95 30 31 78 91 34 60 54 37 38 39 40 74 115 73 44 90 63 79 48 110 50 51 52 112 36 68 56 57 58 32 77 99 62 46 64 65 86 75 55 29 70 17 49 43 53 67 76 35 59 47 100 81 82 4 84 85 66 87 88 89 41 33 92 93 94 69 96 97 28 3 80 101 102 103 72 105 106 107 108 109 104 111 45 113 61 42 116
29 117 3 23 5 6 7 84 101 100 11 12 65 54 15 9 96 18 91 112 21 22 51 33 25 26 40 28 86 30 31 32 10 34 88 106 17 38 115 49 41 83 43 44 45 46 47 48 27 50 4 60 53 105 92 56 35 74 59 52 80 62 63 64 13 66 67 68 98 102 71 72 79 107 75 76 77 78 73 61 81 82 42 16 85 1 87 57 89 90 19 55 93 94 95 37 114 69 99 24 8 70 103 104 14 36 58 108 109 110 111 20 113 97 39 116 2
1 2 3 105 5 6 22 74 9 29 11 12 13 14 15 61 39 18 79 20 21 65 101 49 75 64 35 48 10 99 117 85 33 34 27 36 37 115 17 40 41 42 43 44 45 46 57 83 24 50 51 52 53 63 55 56 47 69 73 59 100 62 97 26 7 66 67 111 58 70 118 72 71 8 25 76 77 113 19 80 81 82 28 84 108 94 87 88 89 90 91 31 93 86 95 96 54 98 30 16 23 102 103 104 4 106 107 32 109 68 110 112 78 114 38 116 92 60
7 2 3 4 5 6 65 18 9 10 81 12 55 25 15 112 104 114 19 20 73 68 23 24 14 26 94 28 82 30 118 32 33 34 35 36 37 54 40 39 41 42 43 80 57 46 47 48 78 50 51 52 53 93 13 61 45 72 59 102 56 62 63 119 1 66 67 22 69 75 71 101 21 74 70 76 107 49 17 44 11 29 83 84 85 86 8 88 97 90 91 92 38 95 27 96 89 98 99 79 58 60 77 100 105 103 115 108 109 110 111 16 113 87 106 116 117 31 64
45 41 3 100 58 7 6 36 9 31 11 12 85 14 86 103 20 18 19 17 21 22 78 24 25 26 108 28 29 30 107 76 16 96 23 8 37 35 39 102 13 42 43 44 1 46 15 92 49 50 51 52 77 54 55 56 57 5 59 60 61 62 2 64 65 66 67 68 74 69 71 95 116 40 83 32 118 38 79 80 81 82 48 84 63 47 87 88 89 90 91 75 93 27 72 34 97 106 99 4 98 70 33 104 105 101 10 94 109 110 111 112 113 114 115 73 117 53 119 120
1 2 3 71 5 92 30 6 29 10 11 109 67 110 8 16 17 55 19 20 61 31 23 24 4 26 88 59 9 49 22 60 33 34 103 27 37 38 39 53 41 42 43 44 48 46 47 45 7 50 51 52 98 54 18 56 57 58 28 32 21 62 63 108 65 66 13 68 69 70 25 72 93 74 75 76 77 35 89 80 81 82 73 64 85 86 99 36 79 90 87 94 120 96 95 15 91 40 97 100 118 102 78 104 105 106 107 84 12 83 111 112 113 114 115 116 117 101 119 14 121
1 2 3 4 5 122 7 8 9 94 11 77 86 65 51 106 17 18 79 115 21 22 23 24 25 26 64 28 90 30 31 32 33 45 35 36 29 52 39 40 41 42 120 113 34 46 47 48 49 50 56 89 14 54 55 6 74 98 59 60 61 62 95 96 75 66 108 68 69 70 71 72 63 118 84 97 12 78 100 80 111 82 83 53 93 13 87 101 38 37 91 92 85 10 88 27 16 58 99 19 73 102 103 104 105 76 107 67 109 110 81 112 44 114 20 116 117 57 119 43 121 15
1 49 3 4 118 76 44 79 115 10 11 113 57 43 13 69 17 18 108 16 21 22 23 24 25 26 19 28 29 30 31 37 12 98 35 36 32 52 39 91 41 86 14 7 45 46 70 48 59 50 55 84 9 54 51 83 81 58 40 60 61 38 63 64 65 66 67 68 111 47 71 72 73 74 27 6 77 78 87 80 15 82 56 62 85 42 8 88 89 90 2 92 93 101 95 96 105 34 107 100 94 102 110 104 97 106 99 75 109 103 20 112 33 114 53 116 117 5 119 120 121 122 123
85 2 3 4 98 17 7 8 68 49 11 52 13 12 40 33 101 18 42 20 99 22 44 57 25 26 41 28 96 30 72 32 16 34 63 36 37 38 39 66 59 55 43 23 45 46 60 48 97 5 51 14 53 70 19 56 10 58 27 47 61 62 35 64 65 31 74 105 69 54 71 15 73 9 82 76 77 78 112 80 81 75 83 84 1 50 87 88 115 90 91 92 93 94 95 29 24 86 122 118 6 102 103 104 67 106 107 108 116 110 111 79 113 114 89 109 117 100 119 120 121 21 123 124
1 2 57 74 19 56 7 8 9 10 46 12 94 14 58 16 55 18 5 20 29 101 47 22 25 26 53 28 21 30 31 32 33 34 35 36 37 38 39 40 104 43 116 4 45 11 23 66 79 50 51 52 27 109 110 115 73 15 54 121 61 117 63 85 65 48 67 68 69 122 71 42 107 44 75 76 77 78 49 80 81 112 83 84 93 86 87 6 89 90 91 92 64 13 95 96 88 98 99 59 62 120 103 41 105 106 3 108 100 17 111 82 113 114 97 72 24 118 119 102 60 70 123 124 125
41 2 3 4 5 64 97 103 9 10 49 74 13 14 21 112 17 18 35 92 15 22 32 111 11 26 27 25 29 30 99 23 105 36 117 34 37 38 84 24 1 42 43 44 71 46 47 48 28 45 51 52 7 54 98 56 57 58 59 60 61 62 63 85 125 66 67 68 69 95 50 72 102 12 75 76 77 78 79 16 104 82 83 39 6 86 121 88 89 53 91 20 120 94 70 87 90 115 31 100 101 73 8 110 33 106 107 108 109 81 40 80 113 114 55 116 19 118 119 93 96 122 123 124 65 126
1 43 29 4 119 47 54 19 56 10 36 84 30 14 15 16 79 18 13 20 104 22 96 41 25 94 109 28 78 8 98 60 33 34 35 11 88 38 39 40 122 42 45 44 123 46 6 48 87 50 51 52 53 5 55 9 57 61 59 32 110 62 63 64 49 66 67 68 69 70 71 72 73 74 75 65 77 3 17 80 113 82 83 12 2 86 103 37 89 90 91 92 76 26 95 23 24 31 99 118 101 102 93 21 105 106 107 108 27 58 116 112 100 114 115 111 117 81 7 120 121 97 85 124 125 126 127
1 43 14 71 5 128 7 44 59 95 11 12 13 56 15 16 17 18 125 20 48 22 52 55 105 26 27 38 29 30 24 32 37 34 35 36 46 60 53 40 110 42 2 8 106 33 62 21 79 50 103 23 39 54 31 74 57 58 9 28 61 89 47 109 65 66 67 68 124 70 4 72 73 3 75 76 25 118 49 80 81 82 83 122 85 86 87 88 63 90 91 92 93 94 10 101 97 98 127 100 96 41 51 104 77 45 107 108 64 102 111 117 113 114 115 116 112 78 119 120 121 84 123 69 19 126 99 6
1 2 3 44 27 6 7 46 9 10 11 69 13 14 74 16 108 18 19 20 21 22 23 65 25 87 84 28 60 33 117 32 30 49 24 86 37 38 34 40 41 89 43 35 95 121 47 48 39 50 128 52 53 54 55 56 57 58 59 116 61 62 75 64 4 112 104 68 12 26 45 72 82 78 98 90 77 119 79 80 126 73 83 5 85 36 70 88 15 76 91 92 93 94 102 96 97 63 99 29 101 129 103 67 105 106 107 17 109 110 111 113 66 114 115 100 31 118 42 120 8 122 123 124 125 81 127 51 71
1 2 122 4 13 84 53 8 9 10 114 6 5 14 15 99 17 18 19 20 21 66 65 24 95 22 27 28 43 30 55 58 33 34 16 83 37 70 98 75 41 68 121 44 45 46 47 52 25 50 51 48 7 112 31 26 29 105 59 60 36 96 63 64 23 117 80 42 69 38 71 72 73 74 40 76 119 78 79 67 81 92 61 3 85 86 87 88 89 90 91 82 93 94 49 62 97 39 35 57 101 102 103 115 32 106 107 108 109 110 111 54 113 11 104 116 120 118 77 56 100 12 123 124 125 126 127 128 129 130
1 119 3 4 5 23 39 63 9 116 11 94 111 14 127 83 17 18 45 20 64 74 102 24 25 26 55 31 29 85 28 32 76 34 35 36 117 38 7 40 41 115 108 43 19 46 47 48 61 50 51 52 53 87 27 105 57 58 59 92 2 62 8 122 65 66 67 81 79 70 71 72 73 22 30 33 77 78 69 80 15 82 54 89 75 101 16 88 84 130 91 60 93 21 95 110 97 98 99 100 86 6 103 104 56 106 107 114 109 96 12 112 113 44 42 10 37 118 49 120 121 13 123 124 125 126 68 128 129 90 131
1 2 55 4 5 6 33 120 37 10 121 101 13 84 88 94 17 18 59 66 21 22 86 73 25 26 27 28 112 64 15 32 7 43 35 36 9 54 39 40 41 56 34 44 113 46 47 48 105 50 81 103 53 38 3 49 57 58 19 123 61 62 63 117 11 20 67 68 108 70 95 72 24 74 75 76 77 78 14 80 82 83 92 79 85 99 87 31 89 90 122 130 93 115 71 96 97 98 23 100 106 102 52 104 42 12 107 69 109 110 111 29 45 114 16 116 30 118 119 8 65 91 60 124 125 126 127 128 129 51 131 132
76 2 3 4 5 6 34 37 33 10 11 12 103 126 15 18 17 84 19 102 21 22 23 24 25 26 27 28 61 92 31 32 9 72 35 7 8 30 39 40 41 42 43 44 45 54 1 48 123 107 51 52 53 46 98 56 57 58 128 131 60 62 111 94 65 63 67 89 69 70 71 36 73 74 75 90 77 78 79 80 81 38 99 66 85 86 87 105 68 47 91 82 93 64 95 96 97 121 14 100 101 20 13 104 88 106 50 108 109 110 16 112 113 114 115 116 117 55 119 120 118 122 49 124 125 83 127 59 132 130 29 129 133
1 2 3 4 13 119 7 8 9 10 101 12 5 43 15 16 63 18 116 20 21 22 97 24 25 26 27 28 29 30 31 108 33 34 49 64 37 95 98 67 41 42 14 100 45 46 47 48 35 50 51 36 53 87 105 56 57 58 59 72 104 62 17 52 55 130 131 54 44 132 71 91 73 74 75 32 117 79 78 80 81 82 83 6 40 86 68 88 89 124 77 92 93 69 38 96 23 39 99 94 11 111 103 61 65 106 107 76 109 110 102 112 113 114 115 19 60 118 84 123 128 122 120 90 125 126 127 121 129 66 85 70 133 134
84 33 127 57 5 6 7 15 9 79 11 8 67 14 12 16 133 18 19 20 21 22 23 24 25 44 27 28 29 30 95 62 2 64 125 119 110 38 32 4 41 42 43 26 134 46 47 58 49 109 51 52 72 54 55 34 35 48 80 60 117 75 63 99 88 66 83 59 69 70 71 81 73 74 39 76 77 78 10 132 121 100 3 1 85 107 87 65 89 90 91 92 93 94 31 118 97 98 56 50 101 102 103 104 105 106 86 108 82 37 111 112 113 114 115 116 61 96 36 120 53 122 123 124 40 126 13 128 129 130 131 68 45 17 135
48 2 3 4 5 97 77 44 9 10 11 12 88 25 107 16 17 18 134 20 21 73 61 24 31 26 118 28 29 30 14 126 91 115 35 83 37 38 39 40 110 42 74 8 45 56 47 1 53 106 54 52 46 51 55 49 67 57 59 60 23 27 93 64 65 32 58 68 69 70 71 72 43 102 95 76 7 78 79 80 81 82 36 84 85 86 15 136 135 90 33 103 63 94 75 96 6 98 99 124 101 22 92 123 105 50 87 108 109 41 111 112 113 114 34 116 117 62 119 120 121 122 104 100 125 130 127 133 129 66 131 132 128 19 89 13
1 2 3 4 60 104 103 54 9 10 11 59 13 119 15 35 17 28 100 126 21 22 133 86 117 26 27 84 68 30 29 32 33 34 16 111 37 38 39 115 41 42 112 99 45 46 85 48 63 50 51 5 53 8 55 56 136 58 95 52 61 62 49 64 65 66 67 81 90 70 71 72 73 105 75 76 77 78 79 14 31 40 23 74 80 24 87 127 89 47 91 92 93 94 12 124 97 98 44 132 101 102 7 6 18 106 107 82 109 110 36 43 113 114 57 116 25 118 69 120 121 122 123 130 125 20 137 128 129 96 131 19 83 134 135 108 88
11 78 3 4 5 93 105 66 9 104 48 116 89 14 15 16 17 18 134 52 24 22 23 21 25 26 2 62 59 131 135 68 45 125 51 36 37 38 39 40 67 42 43 44 95 46 47 1 49 50 35 103 53 54 128 56 58 57 29 60 61 28 63 119 65 8 41 32 69 100 71 130 73 74 84 76 77 99 64 80 81 75 83 82 85 86 31 88 13 90 91 92 6 94 33 96 97 98 120 70 101 102 20 10 7 106 107 112 109 110 111 108 113 129 115 121 117 118 79 27 12 122 114 72 34 126 127 55 123 124 30 132 133 19 87 136 137 138
75 81 3 4 5 55 19 37 93 125 11 12 13 97 15 16 71 18 7 134 21 117 23 51 25 26 27 28 29 30 72 32 33 34 87 45 8 63 39 40 24 42 43 44 133 46 47 48 49 52 41 139 120 54 127 56 57 100 59 60 61 62 38 64 65 66 74 88 69 70 17 83 135 35 94 76 77 101 124 80 2 122 107 84 85 86 67 68 89 90 96 105 9 137 95 22 14 98 99 58 78 131 103 104 53 106 6 50 109 110 111 112 113 114 115 116 91 118 119 92 121 82 123 79 10 126 31 128 129 130 102 132 36 20 73 136 1 138 108
81 2 48 16 5 6 7 8 9 10 11 75 13 90 15 57 93 18 42 129 21 22 23 71 25 46 27 20 29 50 31 32 33 34 35 59 37 68 105 117 41 19 49 44 45 80 47 82 138 30 78 113 12 54 55 56 127 58 99 60 139 1 63 64 65 79 67 38 69 70 24 86 73 123 84 76 77 51 66 26 140 3 72 109 85 83 115 88 111 14 91 92 17 119 95 96 97 98 36 100 120 102 103 104 39 106 107 108 53 110 89 112 52 114 87 116 40 118 94 101 121 122 74 124 125 126 133 128 28 130 131 132 4 134 135 136 137 43 61 62
1 94 3 4 78 100 7 8 9 10 124 12 121 80 31 16 93 18 19 20 21 17 35 24 25 26 33 28 29 96 15 32 82 34 23 87 64 38 39 40 41 97 43 42 45 46 48 47 137 50 51 52 90 54 55 105 101 58 59 2 61 141 63 103 65 66 67 68 69 70 71 72 73 74 119 76 136 110 79 14 81 84 83 27 106 86 123 88 89 53 91 92 75 57 22 30 139 98 99 6 132 102 135 122 56 62 107 108 112 115 111 109 113 114 5 116 117 118 95 120 131 104 36 11 125 126 127 128 129 130 13 60 133 134 37 77 49 138 44 140 85
134 3 2 4 74 6 7 103 9 10 17 12 13 114 15 16 11 18 19 20 21 22 140 24 25 26 116 65 29 30 100 97 101 34 115 83 37 138 60 49 41 136 43 48 45 46 47 77 40 33 51 52 53 121 54 56 57 58 23 126 61 62 63 106 28 75 118 68 69 127 71 72 98 5 107 110 44 78 79 80 117 82 36 84 85 109 87 88 31 90 91 89 93 94 95 96 32 73 99 14 50 102 8 104 105 64 66 108 86 76 59 112 128 92 35 67 81 137 119 120 55 122 123 124 125 39 70 113 129 130 131 132 133 1 135 42 27 38 139 111 141 142
1 129 3 4 5 94 7 8 9 54 11 106 13 14 80 85 17 18 64 20 59 66 101 24 113 26 27 28 126 72 31 32 33 34 104 36 139 38 39 40 109 42 68 49 121 46 47 48 2 50 51 91 69 10 57 56 119 110 21 60 61 62 125 19 65 6 67 41 99 70 71 92 73 74 75 43 143 78 82 15 81 128 120 84 16 86 87 88 89 90 52 76 93 22 95 96 63 98 53 100 23 102 103 35 105 12 114 108 30 58 111 112 25 107 37 116 117 118 44 77 123 122 45 124 97 29 127 79 55 130 131 132 133 134 135 136 137 138 115 140 141 142 83
52 35 3 107 46 38 7 8 9 10 139 12 66 14 15 72 17 62 79 83 21 106 23 44 25 26 27 120 29 30 31 32 33 34 88 36 37 6 39 109 76 42 85 116 126 5 51 48 49 141 114 75 105 54 59 56 57 58 55 60 61 18 63 95 129 13 67 68 69 70 98 16 140 74 1 41 102 50 19 80 81 82 20 84 43 86 87 11 89 90 91 92 93 94 2 96 97 71 99 100 127 77 78 104 53 22 4 108 40 110 111 112 113 117 73 24 103 65 119 121 28 122 142 124 125 45 130 128 118 101 131 132 133 134 135 136 137 138 64 115 47 123 143 144
87 2 3 122 4 6 23 97 83 5 48 125 107 14 15 34 77 56 72 81 21 22 144 38 25 26 19 142 29 9 31 32 92 16 35 36 37 24 39 140 41 126 43 1 45 30 74 11 49 63 51 52 111 54 55 73 57 58 27 60 61 62 50 64 65 66 67 68 69 70 91 59 18 47 75 76 17 78 109 80 112 102 46 84 85 86 44 128 139 90 106 33 93 94 95 40 114 98 99 100 101 82 103 104 123 71 13 108 79 145 53 20 113 8 115 116 117 118 119 120 121 10 105 124 12 42 127 88 137 96 131 132 133 134 135 136 129 138 89 130 141 28 143 7 110
1 2 81 4 5 127 7 145 9 19 33 126 13 14 15 110 17 18 29 20 101 22 23 24 25 26 27 28 10 144 31 90 125 34 35 36 94 106 39 40 41 42 46 44 72 59 47 8 49 50 75 73 38 89 84 56 111 58 43 60 119 76 103 64 65 52 137 115 69 117 71 45 66 74 51 62 77 108 79 80 3 82 83 55 85 100 87 88 105 32 91 92 93 37 95 96 97 30 99 86 141 102 104 63 123 53 107 78 109 16 57 112 113 114 121 11 70 118 61 135 68 122 116 124 54 12 6 128 129 130 131 132 21 134 120 136 67 138 139 140 133 142 143 98 48 146
1 2 81 30 5 75 7 25 9 10 11 12 60 112 98 16 17 18 19 61 21 22 96 48 8 44 86 128 29 4 31 32 33 35 34 50 58 38 39 118 41 42 52 54 45 46 47 117 49 26 51 43 53 36 55 56 127 37 59 13 20 62 63 64 147 66 138 68 142 70 71 72 65 74 6 76 107 91 14 115 3 124 83 136 85 125 103 134 89 90 78 92 111 94 95 23 97 15 99 110 101 102 87 104 105 106 77 108 109 100 93 79 113 146 80 130 24 27 145 140 121 122 123 82 40 126 57 88 129 116 131 132 133 84 135 28 137 67 139 120 141 69 143 144 119 114 73
105 2 3 4 57 6 26 8 9 10 11 91 5 112 115 16 61 87 19 20 21 106 23 24 126 140 27 7 29 113 31 32 55 99 38 84 37 35 39 103 142 42 43 1 45 46 47 56 22 50 54 30 53 51 33 48 13 130 59 60 17 62 97 64 133 66 67 68 111 70 136 72 96 89 75 76 77 78 79 123 81 82 83 104 85 146 18 102 74 90 12 92 93 94 95 73 63 98 34 122 129 88 40 36 44 49 107 143 109 110 141 14 69 114 41 116 117 118 119 120 121 100 15 134 125 25 127 128 101 58 131 132 65 124 135 71 137 138 139 28 52 80 108 144 145 86 147 148
1 2 3 30 5 71 136 129 94 101 149 126 140 14 15 16 17 44 19 87 18 83 68 24 29 116 27 28 25 4 31 32 138 12 128 36 73 38 39 40 41 42 124 21 45 69 47 48 43 50 51 132 33 54 120 56 78 58 59 60 139 104 131 64 65 66 67 23 46 70 6 123 37 97 75 76 77 57 81 111 79 82 22 84 85 86 20 88 96 90 91 92 93 10 95 89 74 98 99 8 9 105 103 147 102 106 62 125 109 110 80 112 113 114 115 26 117 118 119 55 121 130 72 49 108 63 127 35 100 122 34 52 133 134 107 7 137 53 61 13 141 142 143 144 145 146 135 148 11
1 2 67 4 104 38 7 65 53 10 72 95 13 14 15 16 17 117 145 20 21 103 62 24 25 111 116 55 29 30 31 100 33 110 132 36 37 82 23 40 41 42 43 8 74 46 96 48 49 50 51 52 9 54 28 47 3 58 59 60 61 39 56 64 44 22 57 68 102 70 97 122 71 118 146 94 77 83 108 80 121 6 78 84 141 86 87 76 89 120 91 92 93 88 12 63 73 98 99 66 101 11 32 5 105 106 85 79 109 34 26 19 113 114 115 27 18 45 119 90 81 69 123 124 112 126 127 128 129 130 131 35 133 134 150 136 137 138 139 140 107 142 143 144 125 75 147 148 149 135